{
 "cells": [
  {
   "cell_type": "code",
   "execution_count": 4,
   "metadata": {},
   "outputs": [],
   "source": [
    "import pandas as pd\n",
    "import numpy as np\n",
    "from hmmlearn.hmm import GaussianHMM\n",
    "import matplotlib.pyplot as plt\n",
    "\n",
    "file_path = r\"C:\\Users\\Dazhou Wu\\Desktop\\Mine\\master\\Win 24\\Bayesian with Gen Ai\\Final Project\\Movie Final Data.csv\"\n",
    "df = pd.read_csv(file_path)"
   ]
  },
  {
   "cell_type": "code",
   "execution_count": 6,
   "metadata": {},
   "outputs": [
    {
     "name": "stderr",
     "output_type": "stream",
     "text": [
      "C:\\Users\\Dazhou Wu\\AppData\\Local\\Temp\\ipykernel_39972\\3212045928.py:1: FutureWarning: A value is trying to be set on a copy of a DataFrame or Series through chained assignment using an inplace method.\n",
      "The behavior will change in pandas 3.0. This inplace method will never work because the intermediate object on which we are setting values always behaves as a copy.\n",
      "\n",
      "For example, when doing 'df[col].method(value, inplace=True)', try using 'df.method({col: value}, inplace=True)' or df[col] = df[col].method(value) instead, to perform the operation inplace on the original object.\n",
      "\n",
      "\n",
      "  df[\"Opening Weekend (USD)\"].fillna(df[\"Opening Weekend (USD)\"].median(), inplace=True)\n"
     ]
    }
   ],
   "source": [
    "df[\"Opening Weekend (USD)\"].fillna(df[\"Opening Weekend (USD)\"].median(), inplace=True)\n",
    "\n",
    "df[\"Opening Weekend (USD)_log\"] = np.log1p(df[\"Opening Weekend (USD)\"])\n",
    "\n",
    "df_sorted = df.sort_values(by=['Release_Year', 'Release_Month', 'Release_DayOfWeek'])\n"
   ]
  },
  {
   "cell_type": "code",
   "execution_count": 8,
   "metadata": {},
   "outputs": [
    {
     "name": "stdout",
     "output_type": "stream",
     "text": [
      "                             Missing Count\n",
      "Domestic Gross (USD)_log                 0\n",
      "Opening Weekend (USD)_log                0\n",
      "Opening Theaters                         0\n",
      "Max Theaters                             0\n",
      "Weeks Run                                0\n",
      "Production Budget (USD)_log              0\n",
      "Sample numbers we used: 6018\n"
     ]
    }
   ],
   "source": [
    "from sklearn.impute import KNNImputer\n",
    "\n",
    "features = [\n",
    "    'Domestic Gross (USD)_log',\n",
    "    'Opening Weekend (USD)_log',\n",
    "    'Opening Theaters',\n",
    "    'Max Theaters',\n",
    "    'Weeks Run',\n",
    "    'Production Budget (USD)_log'\n",
    "]\n",
    "missing_values = df[features].isnull().sum()\n",
    "missing_data = pd.DataFrame({\"Missing Count\": missing_values})\n",
    "print(missing_data)\n",
    "\n",
    "df_features = df_sorted[features]\n",
    "print(\"Sample numbers we used:\", len(df_features))"
   ]
  },
  {
   "cell_type": "code",
   "execution_count": 10,
   "metadata": {},
   "outputs": [
    {
     "data": {
      "text/html": [
       "<style>#sk-container-id-1 {\n",
       "  /* Definition of color scheme common for light and dark mode */\n",
       "  --sklearn-color-text: #000;\n",
       "  --sklearn-color-text-muted: #666;\n",
       "  --sklearn-color-line: gray;\n",
       "  /* Definition of color scheme for unfitted estimators */\n",
       "  --sklearn-color-unfitted-level-0: #fff5e6;\n",
       "  --sklearn-color-unfitted-level-1: #f6e4d2;\n",
       "  --sklearn-color-unfitted-level-2: #ffe0b3;\n",
       "  --sklearn-color-unfitted-level-3: chocolate;\n",
       "  /* Definition of color scheme for fitted estimators */\n",
       "  --sklearn-color-fitted-level-0: #f0f8ff;\n",
       "  --sklearn-color-fitted-level-1: #d4ebff;\n",
       "  --sklearn-color-fitted-level-2: #b3dbfd;\n",
       "  --sklearn-color-fitted-level-3: cornflowerblue;\n",
       "\n",
       "  /* Specific color for light theme */\n",
       "  --sklearn-color-text-on-default-background: var(--sg-text-color, var(--theme-code-foreground, var(--jp-content-font-color1, black)));\n",
       "  --sklearn-color-background: var(--sg-background-color, var(--theme-background, var(--jp-layout-color0, white)));\n",
       "  --sklearn-color-border-box: var(--sg-text-color, var(--theme-code-foreground, var(--jp-content-font-color1, black)));\n",
       "  --sklearn-color-icon: #696969;\n",
       "\n",
       "  @media (prefers-color-scheme: dark) {\n",
       "    /* Redefinition of color scheme for dark theme */\n",
       "    --sklearn-color-text-on-default-background: var(--sg-text-color, var(--theme-code-foreground, var(--jp-content-font-color1, white)));\n",
       "    --sklearn-color-background: var(--sg-background-color, var(--theme-background, var(--jp-layout-color0, #111)));\n",
       "    --sklearn-color-border-box: var(--sg-text-color, var(--theme-code-foreground, var(--jp-content-font-color1, white)));\n",
       "    --sklearn-color-icon: #878787;\n",
       "  }\n",
       "}\n",
       "\n",
       "#sk-container-id-1 {\n",
       "  color: var(--sklearn-color-text);\n",
       "}\n",
       "\n",
       "#sk-container-id-1 pre {\n",
       "  padding: 0;\n",
       "}\n",
       "\n",
       "#sk-container-id-1 input.sk-hidden--visually {\n",
       "  border: 0;\n",
       "  clip: rect(1px 1px 1px 1px);\n",
       "  clip: rect(1px, 1px, 1px, 1px);\n",
       "  height: 1px;\n",
       "  margin: -1px;\n",
       "  overflow: hidden;\n",
       "  padding: 0;\n",
       "  position: absolute;\n",
       "  width: 1px;\n",
       "}\n",
       "\n",
       "#sk-container-id-1 div.sk-dashed-wrapped {\n",
       "  border: 1px dashed var(--sklearn-color-line);\n",
       "  margin: 0 0.4em 0.5em 0.4em;\n",
       "  box-sizing: border-box;\n",
       "  padding-bottom: 0.4em;\n",
       "  background-color: var(--sklearn-color-background);\n",
       "}\n",
       "\n",
       "#sk-container-id-1 div.sk-container {\n",
       "  /* jupyter's `normalize.less` sets `[hidden] { display: none; }`\n",
       "     but bootstrap.min.css set `[hidden] { display: none !important; }`\n",
       "     so we also need the `!important` here to be able to override the\n",
       "     default hidden behavior on the sphinx rendered scikit-learn.org.\n",
       "     See: https://github.com/scikit-learn/scikit-learn/issues/21755 */\n",
       "  display: inline-block !important;\n",
       "  position: relative;\n",
       "}\n",
       "\n",
       "#sk-container-id-1 div.sk-text-repr-fallback {\n",
       "  display: none;\n",
       "}\n",
       "\n",
       "div.sk-parallel-item,\n",
       "div.sk-serial,\n",
       "div.sk-item {\n",
       "  /* draw centered vertical line to link estimators */\n",
       "  background-image: linear-gradient(var(--sklearn-color-text-on-default-background), var(--sklearn-color-text-on-default-background));\n",
       "  background-size: 2px 100%;\n",
       "  background-repeat: no-repeat;\n",
       "  background-position: center center;\n",
       "}\n",
       "\n",
       "/* Parallel-specific style estimator block */\n",
       "\n",
       "#sk-container-id-1 div.sk-parallel-item::after {\n",
       "  content: \"\";\n",
       "  width: 100%;\n",
       "  border-bottom: 2px solid var(--sklearn-color-text-on-default-background);\n",
       "  flex-grow: 1;\n",
       "}\n",
       "\n",
       "#sk-container-id-1 div.sk-parallel {\n",
       "  display: flex;\n",
       "  align-items: stretch;\n",
       "  justify-content: center;\n",
       "  background-color: var(--sklearn-color-background);\n",
       "  position: relative;\n",
       "}\n",
       "\n",
       "#sk-container-id-1 div.sk-parallel-item {\n",
       "  display: flex;\n",
       "  flex-direction: column;\n",
       "}\n",
       "\n",
       "#sk-container-id-1 div.sk-parallel-item:first-child::after {\n",
       "  align-self: flex-end;\n",
       "  width: 50%;\n",
       "}\n",
       "\n",
       "#sk-container-id-1 div.sk-parallel-item:last-child::after {\n",
       "  align-self: flex-start;\n",
       "  width: 50%;\n",
       "}\n",
       "\n",
       "#sk-container-id-1 div.sk-parallel-item:only-child::after {\n",
       "  width: 0;\n",
       "}\n",
       "\n",
       "/* Serial-specific style estimator block */\n",
       "\n",
       "#sk-container-id-1 div.sk-serial {\n",
       "  display: flex;\n",
       "  flex-direction: column;\n",
       "  align-items: center;\n",
       "  background-color: var(--sklearn-color-background);\n",
       "  padding-right: 1em;\n",
       "  padding-left: 1em;\n",
       "}\n",
       "\n",
       "\n",
       "/* Toggleable style: style used for estimator/Pipeline/ColumnTransformer box that is\n",
       "clickable and can be expanded/collapsed.\n",
       "- Pipeline and ColumnTransformer use this feature and define the default style\n",
       "- Estimators will overwrite some part of the style using the `sk-estimator` class\n",
       "*/\n",
       "\n",
       "/* Pipeline and ColumnTransformer style (default) */\n",
       "\n",
       "#sk-container-id-1 div.sk-toggleable {\n",
       "  /* Default theme specific background. It is overwritten whether we have a\n",
       "  specific estimator or a Pipeline/ColumnTransformer */\n",
       "  background-color: var(--sklearn-color-background);\n",
       "}\n",
       "\n",
       "/* Toggleable label */\n",
       "#sk-container-id-1 label.sk-toggleable__label {\n",
       "  cursor: pointer;\n",
       "  display: flex;\n",
       "  width: 100%;\n",
       "  margin-bottom: 0;\n",
       "  padding: 0.5em;\n",
       "  box-sizing: border-box;\n",
       "  text-align: center;\n",
       "  align-items: start;\n",
       "  justify-content: space-between;\n",
       "  gap: 0.5em;\n",
       "}\n",
       "\n",
       "#sk-container-id-1 label.sk-toggleable__label .caption {\n",
       "  font-size: 0.6rem;\n",
       "  font-weight: lighter;\n",
       "  color: var(--sklearn-color-text-muted);\n",
       "}\n",
       "\n",
       "#sk-container-id-1 label.sk-toggleable__label-arrow:before {\n",
       "  /* Arrow on the left of the label */\n",
       "  content: \"▸\";\n",
       "  float: left;\n",
       "  margin-right: 0.25em;\n",
       "  color: var(--sklearn-color-icon);\n",
       "}\n",
       "\n",
       "#sk-container-id-1 label.sk-toggleable__label-arrow:hover:before {\n",
       "  color: var(--sklearn-color-text);\n",
       "}\n",
       "\n",
       "/* Toggleable content - dropdown */\n",
       "\n",
       "#sk-container-id-1 div.sk-toggleable__content {\n",
       "  max-height: 0;\n",
       "  max-width: 0;\n",
       "  overflow: hidden;\n",
       "  text-align: left;\n",
       "  /* unfitted */\n",
       "  background-color: var(--sklearn-color-unfitted-level-0);\n",
       "}\n",
       "\n",
       "#sk-container-id-1 div.sk-toggleable__content.fitted {\n",
       "  /* fitted */\n",
       "  background-color: var(--sklearn-color-fitted-level-0);\n",
       "}\n",
       "\n",
       "#sk-container-id-1 div.sk-toggleable__content pre {\n",
       "  margin: 0.2em;\n",
       "  border-radius: 0.25em;\n",
       "  color: var(--sklearn-color-text);\n",
       "  /* unfitted */\n",
       "  background-color: var(--sklearn-color-unfitted-level-0);\n",
       "}\n",
       "\n",
       "#sk-container-id-1 div.sk-toggleable__content.fitted pre {\n",
       "  /* unfitted */\n",
       "  background-color: var(--sklearn-color-fitted-level-0);\n",
       "}\n",
       "\n",
       "#sk-container-id-1 input.sk-toggleable__control:checked~div.sk-toggleable__content {\n",
       "  /* Expand drop-down */\n",
       "  max-height: 200px;\n",
       "  max-width: 100%;\n",
       "  overflow: auto;\n",
       "}\n",
       "\n",
       "#sk-container-id-1 input.sk-toggleable__control:checked~label.sk-toggleable__label-arrow:before {\n",
       "  content: \"▾\";\n",
       "}\n",
       "\n",
       "/* Pipeline/ColumnTransformer-specific style */\n",
       "\n",
       "#sk-container-id-1 div.sk-label input.sk-toggleable__control:checked~label.sk-toggleable__label {\n",
       "  color: var(--sklearn-color-text);\n",
       "  background-color: var(--sklearn-color-unfitted-level-2);\n",
       "}\n",
       "\n",
       "#sk-container-id-1 div.sk-label.fitted input.sk-toggleable__control:checked~label.sk-toggleable__label {\n",
       "  background-color: var(--sklearn-color-fitted-level-2);\n",
       "}\n",
       "\n",
       "/* Estimator-specific style */\n",
       "\n",
       "/* Colorize estimator box */\n",
       "#sk-container-id-1 div.sk-estimator input.sk-toggleable__control:checked~label.sk-toggleable__label {\n",
       "  /* unfitted */\n",
       "  background-color: var(--sklearn-color-unfitted-level-2);\n",
       "}\n",
       "\n",
       "#sk-container-id-1 div.sk-estimator.fitted input.sk-toggleable__control:checked~label.sk-toggleable__label {\n",
       "  /* fitted */\n",
       "  background-color: var(--sklearn-color-fitted-level-2);\n",
       "}\n",
       "\n",
       "#sk-container-id-1 div.sk-label label.sk-toggleable__label,\n",
       "#sk-container-id-1 div.sk-label label {\n",
       "  /* The background is the default theme color */\n",
       "  color: var(--sklearn-color-text-on-default-background);\n",
       "}\n",
       "\n",
       "/* On hover, darken the color of the background */\n",
       "#sk-container-id-1 div.sk-label:hover label.sk-toggleable__label {\n",
       "  color: var(--sklearn-color-text);\n",
       "  background-color: var(--sklearn-color-unfitted-level-2);\n",
       "}\n",
       "\n",
       "/* Label box, darken color on hover, fitted */\n",
       "#sk-container-id-1 div.sk-label.fitted:hover label.sk-toggleable__label.fitted {\n",
       "  color: var(--sklearn-color-text);\n",
       "  background-color: var(--sklearn-color-fitted-level-2);\n",
       "}\n",
       "\n",
       "/* Estimator label */\n",
       "\n",
       "#sk-container-id-1 div.sk-label label {\n",
       "  font-family: monospace;\n",
       "  font-weight: bold;\n",
       "  display: inline-block;\n",
       "  line-height: 1.2em;\n",
       "}\n",
       "\n",
       "#sk-container-id-1 div.sk-label-container {\n",
       "  text-align: center;\n",
       "}\n",
       "\n",
       "/* Estimator-specific */\n",
       "#sk-container-id-1 div.sk-estimator {\n",
       "  font-family: monospace;\n",
       "  border: 1px dotted var(--sklearn-color-border-box);\n",
       "  border-radius: 0.25em;\n",
       "  box-sizing: border-box;\n",
       "  margin-bottom: 0.5em;\n",
       "  /* unfitted */\n",
       "  background-color: var(--sklearn-color-unfitted-level-0);\n",
       "}\n",
       "\n",
       "#sk-container-id-1 div.sk-estimator.fitted {\n",
       "  /* fitted */\n",
       "  background-color: var(--sklearn-color-fitted-level-0);\n",
       "}\n",
       "\n",
       "/* on hover */\n",
       "#sk-container-id-1 div.sk-estimator:hover {\n",
       "  /* unfitted */\n",
       "  background-color: var(--sklearn-color-unfitted-level-2);\n",
       "}\n",
       "\n",
       "#sk-container-id-1 div.sk-estimator.fitted:hover {\n",
       "  /* fitted */\n",
       "  background-color: var(--sklearn-color-fitted-level-2);\n",
       "}\n",
       "\n",
       "/* Specification for estimator info (e.g. \"i\" and \"?\") */\n",
       "\n",
       "/* Common style for \"i\" and \"?\" */\n",
       "\n",
       ".sk-estimator-doc-link,\n",
       "a:link.sk-estimator-doc-link,\n",
       "a:visited.sk-estimator-doc-link {\n",
       "  float: right;\n",
       "  font-size: smaller;\n",
       "  line-height: 1em;\n",
       "  font-family: monospace;\n",
       "  background-color: var(--sklearn-color-background);\n",
       "  border-radius: 1em;\n",
       "  height: 1em;\n",
       "  width: 1em;\n",
       "  text-decoration: none !important;\n",
       "  margin-left: 0.5em;\n",
       "  text-align: center;\n",
       "  /* unfitted */\n",
       "  border: var(--sklearn-color-unfitted-level-1) 1pt solid;\n",
       "  color: var(--sklearn-color-unfitted-level-1);\n",
       "}\n",
       "\n",
       ".sk-estimator-doc-link.fitted,\n",
       "a:link.sk-estimator-doc-link.fitted,\n",
       "a:visited.sk-estimator-doc-link.fitted {\n",
       "  /* fitted */\n",
       "  border: var(--sklearn-color-fitted-level-1) 1pt solid;\n",
       "  color: var(--sklearn-color-fitted-level-1);\n",
       "}\n",
       "\n",
       "/* On hover */\n",
       "div.sk-estimator:hover .sk-estimator-doc-link:hover,\n",
       ".sk-estimator-doc-link:hover,\n",
       "div.sk-label-container:hover .sk-estimator-doc-link:hover,\n",
       ".sk-estimator-doc-link:hover {\n",
       "  /* unfitted */\n",
       "  background-color: var(--sklearn-color-unfitted-level-3);\n",
       "  color: var(--sklearn-color-background);\n",
       "  text-decoration: none;\n",
       "}\n",
       "\n",
       "div.sk-estimator.fitted:hover .sk-estimator-doc-link.fitted:hover,\n",
       ".sk-estimator-doc-link.fitted:hover,\n",
       "div.sk-label-container:hover .sk-estimator-doc-link.fitted:hover,\n",
       ".sk-estimator-doc-link.fitted:hover {\n",
       "  /* fitted */\n",
       "  background-color: var(--sklearn-color-fitted-level-3);\n",
       "  color: var(--sklearn-color-background);\n",
       "  text-decoration: none;\n",
       "}\n",
       "\n",
       "/* Span, style for the box shown on hovering the info icon */\n",
       ".sk-estimator-doc-link span {\n",
       "  display: none;\n",
       "  z-index: 9999;\n",
       "  position: relative;\n",
       "  font-weight: normal;\n",
       "  right: .2ex;\n",
       "  padding: .5ex;\n",
       "  margin: .5ex;\n",
       "  width: min-content;\n",
       "  min-width: 20ex;\n",
       "  max-width: 50ex;\n",
       "  color: var(--sklearn-color-text);\n",
       "  box-shadow: 2pt 2pt 4pt #999;\n",
       "  /* unfitted */\n",
       "  background: var(--sklearn-color-unfitted-level-0);\n",
       "  border: .5pt solid var(--sklearn-color-unfitted-level-3);\n",
       "}\n",
       "\n",
       ".sk-estimator-doc-link.fitted span {\n",
       "  /* fitted */\n",
       "  background: var(--sklearn-color-fitted-level-0);\n",
       "  border: var(--sklearn-color-fitted-level-3);\n",
       "}\n",
       "\n",
       ".sk-estimator-doc-link:hover span {\n",
       "  display: block;\n",
       "}\n",
       "\n",
       "/* \"?\"-specific style due to the `<a>` HTML tag */\n",
       "\n",
       "#sk-container-id-1 a.estimator_doc_link {\n",
       "  float: right;\n",
       "  font-size: 1rem;\n",
       "  line-height: 1em;\n",
       "  font-family: monospace;\n",
       "  background-color: var(--sklearn-color-background);\n",
       "  border-radius: 1rem;\n",
       "  height: 1rem;\n",
       "  width: 1rem;\n",
       "  text-decoration: none;\n",
       "  /* unfitted */\n",
       "  color: var(--sklearn-color-unfitted-level-1);\n",
       "  border: var(--sklearn-color-unfitted-level-1) 1pt solid;\n",
       "}\n",
       "\n",
       "#sk-container-id-1 a.estimator_doc_link.fitted {\n",
       "  /* fitted */\n",
       "  border: var(--sklearn-color-fitted-level-1) 1pt solid;\n",
       "  color: var(--sklearn-color-fitted-level-1);\n",
       "}\n",
       "\n",
       "/* On hover */\n",
       "#sk-container-id-1 a.estimator_doc_link:hover {\n",
       "  /* unfitted */\n",
       "  background-color: var(--sklearn-color-unfitted-level-3);\n",
       "  color: var(--sklearn-color-background);\n",
       "  text-decoration: none;\n",
       "}\n",
       "\n",
       "#sk-container-id-1 a.estimator_doc_link.fitted:hover {\n",
       "  /* fitted */\n",
       "  background-color: var(--sklearn-color-fitted-level-3);\n",
       "}\n",
       "</style><div id=\"sk-container-id-1\" class=\"sk-top-container\"><div class=\"sk-text-repr-fallback\"><pre>GaussianHMM(covariance_type=&#x27;full&#x27;, n_components=3, n_iter=1000,\n",
       "            random_state=42)</pre><b>In a Jupyter environment, please rerun this cell to show the HTML representation or trust the notebook. <br />On GitHub, the HTML representation is unable to render, please try loading this page with nbviewer.org.</b></div><div class=\"sk-container\" hidden><div class=\"sk-item\"><div class=\"sk-estimator fitted sk-toggleable\"><input class=\"sk-toggleable__control sk-hidden--visually\" id=\"sk-estimator-id-1\" type=\"checkbox\" checked><label for=\"sk-estimator-id-1\" class=\"sk-toggleable__label fitted sk-toggleable__label-arrow\"><div><div>GaussianHMM</div></div><div><span class=\"sk-estimator-doc-link fitted\">i<span>Fitted</span></span></div></label><div class=\"sk-toggleable__content fitted\"><pre>GaussianHMM(covariance_type=&#x27;full&#x27;, n_components=3, n_iter=1000,\n",
       "            random_state=42)</pre></div> </div></div></div></div>"
      ],
      "text/plain": [
       "GaussianHMM(covariance_type='full', n_components=3, n_iter=1000,\n",
       "            random_state=42)"
      ]
     },
     "execution_count": 10,
     "metadata": {},
     "output_type": "execute_result"
    }
   ],
   "source": [
    "from sklearn.preprocessing import StandardScaler\n",
    "\n",
    "X = df_features.values\n",
    "\n",
    "scaler = StandardScaler()\n",
    "X_scaled = scaler.fit_transform(X)\n",
    "\n",
    "model_2_states = GaussianHMM(n_components=2, covariance_type=\"full\", n_iter=1000, random_state=42)\n",
    "model_2_states.fit(X_scaled)\n",
    "\n",
    "model_3_states = GaussianHMM(n_components=3, covariance_type=\"full\", n_iter=1000, random_state=42)\n",
    "model_3_states.fit(X_scaled)\n"
   ]
  },
  {
   "cell_type": "code",
   "execution_count": 12,
   "metadata": {},
   "outputs": [
    {
     "data": {
      "text/plain": [
       "{'2-State HMM': {'Transition Matrix': array([[0.62317698, 0.37682302],\n",
       "         [0.47402989, 0.52597011]]),\n",
       "  'Means': array([[ 0.43496225,  0.58990971,  0.65343818,  0.57976562, -0.08488425,\n",
       "           0.48371453],\n",
       "         [-0.54689714, -0.74171939, -0.82159653, -0.72896479,  0.1067287 ,\n",
       "          -0.60819552]]),\n",
       "  'Covariances': array([[[ 0.11325008,  0.13930871,  0.18543333,  0.20010332,\n",
       "            0.15840163,  0.13934867],\n",
       "          [ 0.13930871,  0.18215394,  0.24883279,  0.2673908 ,\n",
       "            0.16890977,  0.17818679],\n",
       "          [ 0.18543333,  0.24883279,  0.48239035,  0.51363656,\n",
       "            0.16756705,  0.31264798],\n",
       "          [ 0.20010332,  0.2673908 ,  0.51363656,  0.54801224,\n",
       "            0.186661  ,  0.33361019],\n",
       "          [ 0.15840163,  0.16890977,  0.16756705,  0.186661  ,\n",
       "            0.38975479,  0.16485348],\n",
       "          [ 0.13934867,  0.17818679,  0.31264798,  0.33361019,\n",
       "            0.16485348,  0.43002647]],\n",
       "  \n",
       "         [[ 1.57798104,  0.20171379, -0.25541627, -0.04433167,\n",
       "            0.48849955,  0.3042487 ],\n",
       "          [ 0.20171379,  1.04062616,  0.47884255,  0.55994359,\n",
       "            0.11191641,  0.30490555],\n",
       "          [-0.25541627,  0.47884255,  0.43893746,  0.42313411,\n",
       "            0.06682423,  0.12875286],\n",
       "          [-0.04433167,  0.55994359,  0.42313411,  0.61429319,\n",
       "            0.1822411 ,  0.29762696],\n",
       "          [ 0.48849955,  0.11191641,  0.06682423,  0.1822411 ,\n",
       "            1.74684501,  0.24515627],\n",
       "          [ 0.3042487 ,  0.30490555,  0.12875286,  0.29762696,\n",
       "            0.24515627,  1.05256545]]])},\n",
       " '3-State HMM': {'Transition Matrix': array([[0.44801218, 0.48816589, 0.06382193],\n",
       "         [0.36611764, 0.58383201, 0.05005035],\n",
       "         [0.25215553, 0.28642554, 0.46141893]]),\n",
       "  'Means': array([[-0.21032074, -0.8744206 , -0.85489183, -0.74232979,  0.33091995,\n",
       "          -0.45444005],\n",
       "         [ 0.4262289 ,  0.58698549,  0.66828887,  0.58903897, -0.13433694,\n",
       "           0.48738035],\n",
       "         [-1.48033807,  0.35990531, -0.16712587, -0.19317865, -0.61887255,\n",
       "          -0.81518945]]),\n",
       "  'Covariances': array([[[ 6.29438954e-01,  6.88307022e-01,  2.92862164e-01,\n",
       "            4.93014513e-01,  5.33382051e-01,  4.67784487e-01],\n",
       "          [ 6.88307022e-01,  1.08136397e+00,  5.62751376e-01,\n",
       "            6.80143807e-01,  4.34966076e-01,  5.78621278e-01],\n",
       "          [ 2.92862164e-01,  5.62751376e-01,  4.67934965e-01,\n",
       "            4.61548151e-01,  1.84274100e-01,  3.01378924e-01],\n",
       "          [ 4.93014513e-01,  6.80143807e-01,  4.61548151e-01,\n",
       "            6.89606601e-01,  2.87396203e-01,  4.77895393e-01],\n",
       "          [ 5.33382051e-01,  4.34966076e-01,  1.84274100e-01,\n",
       "            2.87396203e-01,  1.82264523e+00,  2.55932684e-01],\n",
       "          [ 4.67784487e-01,  5.78621278e-01,  3.01378924e-01,\n",
       "            4.77895393e-01,  2.55932684e-01,  1.07592920e+00]],\n",
       "  \n",
       "         [[ 1.12891522e-01,  1.39853546e-01,  1.89581179e-01,\n",
       "            2.03444596e-01,  1.50832603e-01,  1.42872456e-01],\n",
       "          [ 1.39853546e-01,  1.82572804e-01,  2.51686409e-01,\n",
       "            2.69602067e-01,  1.66328213e-01,  1.82588046e-01],\n",
       "          [ 1.89581179e-01,  2.51686409e-01,  4.81737101e-01,\n",
       "            5.13575556e-01,  1.78898205e-01,  3.17737038e-01],\n",
       "          [ 2.03444596e-01,  2.69602067e-01,  5.13575556e-01,\n",
       "            5.47913345e-01,  1.94621583e-01,  3.39272030e-01],\n",
       "          [ 1.50832603e-01,  1.66328213e-01,  1.78898205e-01,\n",
       "            1.94621583e-01,  3.35323144e-01,  1.66705003e-01],\n",
       "          [ 1.42872456e-01,  1.82588046e-01,  3.17737038e-01,\n",
       "            3.39272030e-01,  1.66705003e-01,  4.35613921e-01]],\n",
       "  \n",
       "         [[ 4.02497868e+00,  1.89135180e-05, -1.11097281e+00,\n",
       "           -1.11326547e+00, -5.96079020e-01, -3.89809212e-01],\n",
       "          [ 1.89135180e-05,  1.76190635e-05,  1.74684660e-05,\n",
       "            1.74717254e-05,  1.83002752e-05,  1.83191636e-05],\n",
       "          [-1.11097281e+00,  1.74684660e-05,  5.50688636e-01,\n",
       "            5.52075774e-01,  3.75040576e-01,  1.59432608e-01],\n",
       "          [-1.11326547e+00,  1.74717254e-05,  5.52075774e-01,\n",
       "            5.53471434e-01,  3.76171502e-01,  1.59687551e-01],\n",
       "          [-5.96079020e-01,  1.83002752e-05,  3.75040576e-01,\n",
       "            3.76171502e-01,  3.48215092e-01,  8.32188604e-02],\n",
       "          [-3.89809212e-01,  1.83191636e-05,  1.59432608e-01,\n",
       "            1.59687551e-01,  8.32188604e-02,  9.73713822e-01]]])}}"
      ]
     },
     "execution_count": 12,
     "metadata": {},
     "output_type": "execute_result"
    }
   ],
   "source": [
    "hmm_results = {\n",
    "    \"2-State HMM\": {\n",
    "        \"Transition Matrix\": model_2_states.transmat_,\n",
    "        \"Means\": model_2_states.means_,\n",
    "        \"Covariances\": model_2_states.covars_\n",
    "    },\n",
    "    \"3-State HMM\": {\n",
    "        \"Transition Matrix\": model_3_states.transmat_,\n",
    "        \"Means\": model_3_states.means_,\n",
    "        \"Covariances\": model_3_states.covars_\n",
    "    }\n",
    "}\n",
    "hmm_results"
   ]
  },
  {
   "cell_type": "code",
   "execution_count": 14,
   "metadata": {},
   "outputs": [
    {
     "data": {
